#here is a comment
a <- 2

b <- 15

b2 <- 16
